0.0173459
-0.0944688
-0.140908
-0.145372
-0.118625
-0.0710726
-0.0177099
0.0220221
0.0274648
-0.0186332
-0.125475
-0.290592
-0.497946
-0.718103
-0.910565
-1.02802
-1.02204
-0.849729
-0.480366
0.0984702
0.876209
1.8166
2.85749
3.91341
4.88091
5.64637
6.09596
6.12677
5.65827
4.64314
3.07612
1.00014
-1.49141
-4.2567
-7.1121
-9.8433
-12.2203
-14.0151
-15.0213
-15.073
-14.0624
-11.9534
-8.7905
-4.70174
0.10492
5.35157
10.7061
15.8026
20.2653
23.734
25.8905
26.4836
25.3518
22.4425
17.8245
11.6932
4.36507
-3.73902
-12.121
-20.2399
-27.5477
-33.5211
-37.687
-39.65
-39.1293
-36.0075
-30.3634
-22.4437
-12.5935
-1.34009
10.6069
